1 graphic 1,1:color 0,1:color 1,6:color 4,1:scnclr
2 read m,n:if m=-2 then goto 7
3 read q,w:if q=-2 then goto 7
4 if q=-1 then goto 2
5 draw 1,m,n to q,w:m=q:n=w
6 goto 3
7 getkey k$:graphic 0:end
10 rem empieza en la punta de florida, mapa de america. no incluye islas
20 data 64,100,66,99,66,96,65,94,66,92,69,90,70,89,71,89,72,88,72,87,73,84,73,85,74,84,76,82
30 data 78,81,79,80,80,79,81,78,82,77,84,76,86,76,84,78,85,78,86,77,89,76,87,75
40 data 86,73,88,72,87,71,82,74,86,70,91,71,94,69,96,70,97,68,94,65,94,63,94,62
50 data 93,60,90,61,89,60,89,59,87,57,84,57,83,59,83,60,81,61,82,63,81,64,78,65
60 data 77,68,75,70,74,67,76,65,73,64,70,63,69,63,69,61,68,61,71,58,75,57,80,54
70 data 81,53,83,53,85,52,86,50,84,50,81,52,80,52,81,51,81,50,79,51,80,50,79,50
80 data 80,48,80,47,78,48,77,49,77,50,75,52,74,51,69,51,68,50,65,51,61,52,62,50
90 data 59,50,58,49,54,50,54,49,47,50,46,50,44,49,42,49,40,49,39,48,36,48,34,48
100 data 31,49,29,49,27,50,25,50,24,51,24,52,25,53,24,53,23,53,22,53,21,53,19,54
110 data 19,55,21,55,23,55,21,56,20,56,19,57,18,56,16,58,15,58,15,59,14,59
120 data 14,60,15,60,16,60,15,61,16,61,17,61,18,61,13,64,11,64,13,64
130 rem desde 20 hasta aqui todo bien
140 data 21,61,21,60,26,59,23,60,25,60,27,60,27,59,28,58,30,60,32,60
150 data 33,60,34,60,34,61,35,62,35,63,35,63,35,64,35,65,36,65,35,66
160 data 35,68,35,69,35,70,37,72,36,73,35,70,34,70,34,71,35,73,34,76
170 data 31,79,31,81,29,82,29,83,29,84,30,85,30,89,31,90,32,91,32,94
180 data 33,96,32,97,33,98,34,99,35,99,34,101,36,102,36,103,36,102
190 data 36,101,34,96,34,94,34,92,35,93,35,95,37,99,38,99,40,103
200 data 40,105,40,106,40,107,42,109,43,109,48,111,50,111,51,113
210 data 52,113,54,113,54,114,56,114,57,115,57,116,58,116,59,117
220 data 58,117,58,118,59,119,60,120,62,120,63,121,64,121,63,120
230 data 64,119,65,120,65,120,65,121,66,123,66,125,65,127,64,128
240 data 63,129,63,130,62,131,62,133,63,133,63,134,61,135,62,137
250 data 62,138,63,138,67,146,69,148,72,150,74,152,74,155,74,160
260 rem desde 140 hasta aqui todo bien
270 data 75,162,75,164,75,167,75,169,75,172,75,173,75,174,75,176
280 data 77,180,78,180,78,181,79,185,80,187,80,188,80,189,81,191,81,192
290 data 83,193,85,192,85,193,86,194,86,195,90,195,86,193,85,190
300 data 85,189,85,187,86,186,86,186,84,185,85,183,85,181,86,180
310 data 85,180,84,178,87,179,86,176,89,176,90,175,90,173,89,172
320 data 88,171,90,171,91,172,93,170,94,166,95,166,95,165,96,164
330 data 96,160,98,158,100,157,102,157,103,156,103,155,104,153
340 data 104,152,104,151,104,149,104,147,105,145,106,143,108,140
350 data 107,137,107,136,106,136,103,133,101,133,99,132,98,133
360 data 98,132,95,131,94,131,94,130,94,130,93,129,93,128,91,125
370 data 90,123,89,123,86,123,85,122,84,120,82,120,82,119,82,118
380 rem desde 270 hasta aqui todo bien
390 data 81,118,81,117,80,117,78,118,77,117,75,117,74,116,73,116
400 data 72,117,72,119,71,118,72,117,71,116,72,116,72,115,70,116
410 data 69,116,67,118,67,119,66,120,64,118,63,119,62,119,61,118
420 data 60,117,61,112,60,111,55,111,56,109,57,107,58,105,56,104
430 data 55,105,53,108,50,108,48,107,48,104,48,101,49,99,49,97
440 data 53,95,54,95,56,95,58,95,57,94,59,94,61,94,62,95,62,94
450 data 63,95,63,98,64,100
460 data -1,-1
470 rem islas cubanas
480 data 67,100,67,101,67,102,67,102,67,101,66,101,67,100
490 data -1,-1
500 rem islas cubanas 2
510 data 60,104,61,103,62,102,64,102,66,103,68,105,70,106,69,107
520 data 68,106,67,107,67,105,66,105,66,104,65,104,64,104,64,104
530 data 63,103,62,103,61,104,60,104
535 data -1,-1
540 rem islas cubanas 3
550 data 71,107,72,107,73,106,74,107,74,107,75,108,75,108,74,108
560 data 74,109,73,108,72,109,70,109,70,108,71,108,71,107,71,107
565 data -1,-1
570 rem islas cubanas 4
580 data 77,108,78,108,78,109,77,109,77,108
590 data -1,-1
600 rem isla 
610 data 96,70,95,70,95,71,96,72,97,71,97,73,97,74,96,75,95,74,91,74,96,70
620 data -1,-1
630 rem isla arriba de canada
640 data 58,47,61,45,64,45,66,45,67,47,69,47,70,46,70,47,72,46,73,47
650 data 72,48,73,49,71,51,68,50,64,51,61,49,65,49,62,47,59,48,58,47
660 data -1,-1
670 rem islas
680 data 65,43,67,42,70,42,67,44,65,43
690 data -1,-1
700 rem islas
710 data 71,43,72,44,74,43,76,44,72,45,68,44,71,43
720 data -1,-1
730 rem isla
740 data 76,45,79,45,79,46,78,47,76,48,75,47,75,47,76,46,76,45
750 data -1,-1
760 rem isla
770 data 80,54,82,54,83,56,81,55,79,57,79,56,80,54
780 data -1,-1
790 rem isla 
800 data 74,50,75,50,75,51,74,50,74,50
810 data -1,-1
820 rem islas
830 data 81,45,84,46,82,47,80,47,81,45
840 data -1,-1
850 rem hasta aqui, todo bien
860 rem isla
870 data 82,48,85,46,87,46,85,47,88,46,90,46,90,47,92,47,94,48,97,49
880 data 97,50,96,50,98,52,99,53,96,55,95,53,94,53,95,55,94,57,92,56
890 data 93,58,90,57,89,55,86,55,86,54,89,54,91,52,89,49,83,49,82,48
900 data -1,-1
910 rem isla 
920 data 79,43,81,43,81,44,79,44,79,43
930 data -1,-1
940 rem isla 
950 data 86,43,87,44,92,44,90,45,85,45,84,44,86,43
960 data -1,-1
970 rem isla 
980 data 90,39,92,41,88,42,87,41,90,39
990 data -1,-1
1000 rem isla groenlandia 1
1010 data 92,39,98,38,102,38,108,38,95,42,94,43,87,43,90,42,92,42,94,41,93,40,95,40,92,39
1020 data -1,-1
1030 rem sial groenlandia 2
1040 data 100,42,105,41,105,40,111,39,124,38,127,37,133,38,133,39,139,39
1050 data 134,41,133,42,133,43,132,43,133,44,130,46,127,46,129,48,129,49
1060 data 128,49,128,50,123,51,121,51,117,54,116,53,116,54,114,54,112,56,111,56
1070 data 111,58,109,60,108,58,106,58,105,56,105,54,105,52,106,51,108,50
1080 data 107,49,109,49,109,48,106,48,107,46,106,44,104,43,100,43,100,42
1090 data -1,-1
1100 rem isla groenlandia 3
1110 data 126,54,128,53,129,54,133,53,134,54,130,56,127,56,128,54,126,54
1120 data -1,-1
1130 rem islas falklands
1140 data 92,191,93,191,93,192,92,192,92,191
1150 data -1,-1
1150 data 94,191,95,191,94,192,93,192,94,191
1160 data -1,-1
1170 rem hasta aqui, todo bien
1180 rem europa UK
1190 data 140,61,141,61,141,62,142,63,143,63,142,64,143,66,144,67,145,68
1200 data 144,69,145,70,139,71,141,69,139,68,140,67,141,67,141,65,140,65
1210 data 139,64,139,64,139,63,140,61
1220 data -1,-1
1230 rem irlanda
1240 data 137,65,139,65,139,66,139,67,138,68,136,69,135,68,136,67,135,66
1250 data 137,66,137,65
1260 data -1,-1
1270 rem europa y asia. empieza en espana
1280 data 136,80,143,80,143,77,140,74,143,74,143,73,145,74,147,71,152,68
1290 data 151,66,153,65,153,67,154,68,155,67,157,68,161,68,163,64,165,64
1300 data 165,62,168,62,168,61,163,62,162,59,165,56,163,55,162,56,162,57
1310 data 159,59,159,61,160,62,159,63,158,66,157,67,155,65,154,62,151,64
1320 data 150,63,149,59,153,57,160,51,162,51,163,50,168,50,168,51,172,52
1340 rem hasta aqui todo bien
1350 data 176,53,180,54,189,52,189,51,196,53,193,50,196,48,199,53,197,54
1360 data 200,55,200,53,199,48,203,50,201,47,206,47,205,46,212,45,213,44
1370 data 222,46,220,48,233,47,239,50,244,48,253,50,260,50,261,51,268,52
1380 data 268,51,287,55,287,57,283,55,280,56,284,59,282,59,280,61,275,62
1390 data 279,67,279,71,272,65,273,64,274,59,272,61,268,59,269,62,259,62
1400 data 257,67,259,68,263,68,267,74,266,81,262,81,262,83,261,85,264,90
1410 data 262,91,261,87,259,85,255,84,252,86,257,88,256,91,260,96,260,99
1420 rem hasta aqui todo bien
1430 data 257,104,252,106,251,108,249,106,246,109,252,118,247,122,246,120
1440 data 242,116,242,120,243,123,246,126,247,130,244,129,241,122,241,118
1450 data 238,112,238,113,236,113,236,110,232,105,228,107,228,108,223,113
1460 data 222,119,220,122,214,105,212,107,209,103,208,102,203,102,199,101
1470 data 198,100,195,100,192,96,190,96,189,97,192,101,194,103,196,103
1480 data 197,101,200,104,201,106,195,113,186,117,185,112,180,103,177,98
1490 rem hasta aqui todo bien
1500 data 177,97,176,95,177,89,169,88,168,84,170,84,172,83,176,82,179,83
1510 data 182,83,181,82,177,78,175,79,172,77,169,82,170,83,168,84,165,84
1520 data 166,86,165,86,166,88,164,88,162,85,161,82,156,78,155,78,155,80
1530 data 161,85,159,84,160,86,158,87,158,87,157,88,155,86,158,87,158,84
1540 data 155,82,152,79,151,80,150,81,148,80,147,80,147,82,145,83,143,85
1550 data 144,86,142,88,139,89,137,88,136,88,135,87,136,80
1560 data -1,-1
1570 rem africa empieza estrecho de gibraltar
1580 data 138,90,139,90,142,90,144,89,151,88,153,88,154,89,154,90,153,92
1590 data 155,93,158,93,158,94,163,96,163,94,165,93,167,94,172,95,173,94
1600 data 175,95,176,95,177,97,177,99,175,97,178,105,180,107,180,110
1610 data 181,111,182,114,184,114,186,117,186,119,188,119,190,119,192,119
1620 data 194,118,194,121,190,128,188,130,187,130,183,137,182,139,183,140
1630 data 182,143,184,144,183,149,182,152,180,153,177,156,178,158,178,161
1640 data 177,162,175,162,175,164,175,166,173,168,170,172,165,173,162,173
1650 data 161,171,161,170,160,166,158,163,158,159,154,153,156,147,157,146
1660 data 156,143,157,141,155,137,152,133,153,131,153,127,152,127,149,127
1670 data 148,124,146,124,141,126,139,126,135,127,131,123,130,121,126,117
1680 data 127,115,126,114,128,110,126,107,128,103,129,103,129,101,131,100
1690 data 131,99,133,97,134,96,135,93,137,92,138,90
1700 data -1,-1
1710 rem madagascar
1720 data 192,146,193,150,192,151,191,157,189,162,187,163,186,162,186,160
1730 data 185,158,187,156,186,153,187,151,189,151,192,146
1740 data -1,-1
1750 rem sri lanka
1760 data 223,121,224,123,225,124,223,125,222,123,223,121
1770 data -1,-1
1780 rem islas malasia e indonesia
1790 data 238,125,240,125,244,130,247,132,248,135,248,138,247,139,243,135
1800 data 242,132,241,129,238,125
1810 data -1,-1
1820 data 249,139,253,140,256,140,258,142,254,142,251,141,248,140,249,139
1830 data -1,-1
1840 data 259,123,262,125,260,127,261,131,260,131,260,133,259,134,258,136
1850 data 256,135,253,136,252,129,253,130,254,128,256,128,259,123
1860 data -1,-1
1870 rem hasta aqui, todo bien
1880 rem isla de hainan
1890 data 250,109,251,109,251,110,250,110,250,109
1900 data -1,-1
1910 rem isla de taiwan
1920 data 261,102,262,102,261,106,260,106,261,102
1930 data -1,-1
1940 rem filipinas
1950 data 262,110,263,111,263,113,263,115,261,115,261,113,262,112,262,110
1960 data -1,-1
1970 data 262,117,263,116,263,117,263,118,262,117
1980 data -1,-1
1990 data 264,115,266,116,266,117,264,116,264,115
2000 data -1,-1
2010 data 266,117,268,119,267,119,266,117
2020 data -1,-1
2030 data 264,118,265,119,264,121,264,118
2040 data -1,-1
2050 data 268,120,269,123,268,125,266,123,264,124,264,122,267,122,267,120
2060 data -1,-1
2070 rem isla pequena indonesia
2080 data 267,130,267,131,267,132,263,132,263,133,266,133,264,134,265,137
2090 data 264,138,263,135,262,139,262,136,261,135,262,133,262,132,263,130
2100 data 266,131,267,130
2110 data -1,-1
2120 rem hasta aqui todo bien
2130 data 268,142,269,142,267,143,265,144,265,143,267,143,268,142
2140 data -1,-1
2150 rem papua nueva guinea
2160 data 273,133,275,132,276,133,277,136,280,134,286,136,288,138,288,139
2170 data 290,140,289,141,292,144,291,144,289,144,288,142,286,141,285,143
2180 data 283,143,281,142,280,142,281,140,280,138,276,136,275,137,274,135
2190 data 276,135,274,134,273,133
2200 data -1,-1
2210 data 294,137,294,138,293,139,291,139,290,139,293,139,294,137
2220 data -1,-1
2230 rem australia 
2240 data 284,144,285,149,286,150,287,155,290,157,290,159,292,162,292,165
2250 data 286,172,282,177,279,179,278,177,276,178,273,177,272,174,274,171
2260 data 271,173,271,171,268,169,260,172,257,172,254,174,252,172,254,170
2270 data 252,163,254,158,260,156,263,155,264,152,265,153,266,150,268,148
2280 data 270,150,272,146,274,146,278,146,277,150,281,153,284,144
2290 data -1,-1
2300 rem tasmania
2310 data 276,180,279,180,278,183,276,184,276,180
2320 data -1,-1
2330 rem nueva zelanda
2340 data 301,180,303,181,300,184,298,184,294,187,292,186,298,183,301,180
2350 data -1,-1
2360 data 306,173,309,177,304,181,303,179,306,177,306,173
2370 data -1,-1
2380 rem japon
2390 data 264,68,269,73,269,74,271,77,270,78,266,72,264,69,264,68
2400 data -1,-1
2410 data 271,78,274,80,275,81,274,81,274,82,271,81,271,83,270,81,271,80,271,78
2420 data -1,-1
2430 data 273,83,275,86,275,90,273,91,272,90,271,92,270,91,268,92,267,91,268,89
2440 data 271,89,271,88,272,88,273,86,272,84,273,83
2450 data -1,-1
2460 data 268,92,268,93,268,95,266,93,268,92
2470 data -1,-1
5010 rem hasta aqui todo bien.
5020 data -2,-2









