1 graphic 1,1:color 0,1:color 1,2:color 4,1:scnclr
2 read m,n:if m=-2 then goto 7
3 read q,w:if q=-2 then goto 7
4 if q=-1 then goto 2
5 draw 1,m,n to q,w:m=q:n=w
6 goto 3
7 getkey k$:graphic 0:end
10 rem mapa de paraguay division politica
20 rem mapa completo por el borde
30 data 117,6,138,7,159,18,159,20,160,25,161,28,161,30,163,32,163,37,166,37
40 data 164,39,166,40,165,41,166,43,166,49,164,50,166,52,164,56,165,59
50 data 164,63,165,64,163,68,167,69,170,69,172,70,174,70,178,71,181,71
60 data 188,72,192,71,193,72,196,68,198,68,200,71,203,73,206,73,208,73
70 data 209,74,211,73,213,76,213,79,215,81,215,83,214,85,215,89,216,91
80 data 217,93,217,96,218,98,216,100,218,103,219,105,219,110,221,112,225,112
90 data 230,111,237,108,244,113,243,114,244,117,245,119,242,123,243,126
100 rem hasta aqui, todo bien
110 data 240,131,239,135,240,137,236,144,236,148,235,149,236,152,236,154
120 data 237,155,235,157,235,159,234,161,233,166,231,168,232,171,229,171
130 data 227,174,224,175,224,177,221,177,218,178,217,180,215,181,214,182
140 data 214,186,212,186,211,188,207,185,205,185,203,184,201,186,199,186
150 data 199,188,197,191,195,189,192,187,189,189,186,187,182,189,179,188
160 data 177,187,170,186,168,184,162,183,159,183,151,184,149,183,148,181
170 rem hasta aqui, todo bien, aqui llegamos a la punta de pilar
180 data 151,179,152,177,152,175,156,174,158,169,158,165,159,161,161,160
190 data 160,158,165,155,165,153,167,151,167,149,168,148,171,145,172,142
200 data 170,139,168,136,165,134,160,133,158,131,156,133,153,129,146,129
210 data 133,121,132,119,118,111,111,112,105,108,101,109,99,107,96,107
220 data 94,102,84,97,82,95,80,94,80,93,74,89,74,87,68,81,68,79,59,73
230 data 67,46,67,34,74,24,78,14,102,11,117,6
231 data -1,-1
240 rem division entre alto paraguay y boqueron
250 data 74,25,79,27,121,37,120,39,122,41,121,43,123,45,125,52,122,54
260 data 119,65,119,67,132,67,136,69,154,70,158,71,158,72,166,75
261 data -1,-1
270 rem linea del rio paraguay desde concepcion hasta asuncion
280 data 164,68,162,69,163,71,166,74,166,75,167,80,163,81,167,85,167,86
290 data 168,89,170,91,173,94,173,97,174,99,174,102,178,104,177,109
300 data 179,111,179,112,181,113,180,114,182,118,183,121,181,125,182,125
310 data 181,127,180,127,178,130,180,131,179,133,178,133,175,136,172,135
320 data 172,137,169,139
330 data -1,-1
340 rem linea que divide boqueron - pte hayes
350 data 101,108,100,105,102,103,104,103,106,102,112,102,115,101,117,100
360 data 117,97,119,93,119,86,119,84,124,78,124,76,127,75,126,73,130,71
370 data 131,72,133,71,133,68
380 data -1,-1
390 rem linea que divide concepcion con amambay y san pedro
400 data 175,99,178,100,182,99,186,98,188,97,192,98,194,99,196,98,198,98
410 data 200,96,200,95,202,94,203,92,203,91,203,87,200,81,197,84,196,84
420 data 195,86,191,86,192,84,192,83,191,81,191,77,194,74,188,73
430 data -1,-1
440 rem linea de san pedro con amambay, canindeyu, caaguazu y cordillera
450 data 200,96,202,95,205,96,205,99,203,100,204,103,206,102,206,101,208,100
460 data 208,103,207,104,207,106,205,108,206,112,203,114,203,118,205,120
470 data 206,122,208,124,208,126,211,128,207,130,204,133,201,130,200,128
480 data 199,130,195,134,192,132,189,131,185,132,183,134,180,134,179,132
490 data -1,-1
500 rem linea de amambay con canindeyu
510 data 205,108,207,108,212,104,215,104,217,100
520 data -1,-1
530 rem linea de caaguazu
540 data 211,129,214,125,216,123,222,122,221,125,221,128,220,132,221,134
550 data 224,135,227,137,227,139,228,141,228,142,227,142,225,140,224,140
560 data 222,139,216,147,213,148,210,149,208,147,202,146,196,145,196,147
570 data 191,149,188,145,194,140,195,134
580 data -1,-1
590 rem linea que separa cordillera de central y paraguari
600 data 175,136,176,137,177,139,177,141,179,141,181,142,181,143,182,145
610 data 186,145,186,148,189,147
620 data -1,-1
630 rem linea de neembucu
640 data 166,151,169,151,170,153,173,155,174,159,171,161,169,164,170,170
650 data 169,172,174,179,179,179,177,187
660 data -1,-1
670 rem linea que separa central de paraguari
680 data 173,155,175,153,174,150,174,148,176,147,177,146,178,144,180,142
690 data -1,-1
700 rem lineas de caazapa
710 data 217,146,218,147,217,149,216,153,216,155,220,155,222,156,221,158
720 data 220,158,220,160,215,163,212,163,208,166,204,167,203,170,196,173
730 data 193,172,193,171,189,169,188,168,190,165,191,164,192,160,194,159
740 data 195,157,198,157,198,155,200,155,202,156,204,155,204,153,207,152
750 data 210,151,212,150,213,149,214,148
760 data -1,-1
770 rem linea que separa canindeyu de alto parana
780 data 222,123,226,121,226,124,228,124,231,124,230,126,235,126,236,127
790 data 240,127,241,126,242,128
800 data -1,-1
810 rem linea que separa alto parana de itapua
820 data 221,158,222,160,224,160,226,161,229,160,229,159,230,160,231,160
830 data 233,161,234,161
840 data -1,-1
850 rem linea que separa itapua de misiones
860 data 193,172,193,178,194,181,192,181,190,182,190,183,191,185,192,187
870 data -1,-1
880 rem linea que separa misiones de paraguari
890 data 169,165,171,168,173,168,175,170,179,169,179,168,181,166,181,164
900 data 183,164,188,167
910 data -1,-1
920 rem linea que separa guaira de paraguari
930 data 191,149,191,151,193,154,190,155,192,158,193,159
5000 data -1,-1
6000 data -2,-2



